23
-6.960733101015979 107.55673969864377 Bunderan TKI 3
-6.96194717191795 107.55921874180781 Bunderan TKI 2
-6.9645350494079254 107.56402658309557 Gerbang TKI I-II
-6.963395533095278 107.56469195398807 Tikungan TKI I-II
-6.966324190929772 107.57229006030892 TKI I-Manglid
-6.966782124864986 107.57574569623448 TKI I - Kopo
-6.945563339872382 107.5896391616629 Kopo - Soekarno-Hatta
-6.930397349712235 107.57603125373237 Soekarno Hatta - Pasir Koja
-6.9247270185239485 107.57514808786185 Holis - Soekarno-Hatta
-6.93147943379281 107.5726153857549 Holis / Pasir Koja
-6.941946551289002 107.56748346203592 Cigondewah - Holis
-6.941519478721724 107.56624945840349 Cigondewah - THI - Holis
-6.940598236043567 107.5644143225548 Bunderan THI
-6.9472077129065735 107.56130289957066 Belokan THI (sebelah gang)
-6.947499524617835 107.56294440558273 Belokan 2 THI
-6.9479425668288295 107.56276242281876 Belokan 1 THI
-6.946796620227707 107.5615170777004 Keluar Belokan 2 THI
-6.949118330731657 107.56542338231482 Belokan Cigondewah
-6.948455898854839 107.56420326377214 Belokan Cigondewah 2
-6.949689171541924 107.56197900225177 Kavindustri - THI
-6.951063020689043 107.56495170769087 Cigondewah - Kavindustri
-6.9529288930666775 107.56373159652948 Sadang - Cigondewah
-6.95258809500601 107.5629589077511 TKI II - Sadang
0 1 0 0 0 0 0 0 0 0 0 0 0 0 0 0 0 0 0 0 0 0 0
1 0 1 0 0 0 0 0 0 0 0 0 0 0 0 0 0 0 0 0 0 0 1
0 1 0 1 0 0 0 0 0 0 0 0 0 0 0 0 0 0 0 0 0 0 0
0 0 1 0 1 0 0 0 0 0 0 0 0 0 0 0 0 0 0 0 0 0 0
0 0 0 1 0 1 0 0 0 0 0 0 0 0 0 0 0 0 0 0 0 0 0
0 0 0 0 1 0 1 0 0 0 0 0 0 0 0 0 0 0 0 0 0 0 0
0 0 0 0 0 1 0 1 0 0 0 0 0 0 0 0 0 0 0 0 0 0 0
0 0 0 0 0 0 1 0 1 0 0 0 0 0 0 0 0 0 0 0 0 0 0
0 0 0 0 0 0 0 1 0 1 0 0 0 0 0 0 0 0 0 0 0 0 0
0 0 0 0 0 0 0 0 1 0 1 0 0 0 0 0 0 0 0 0 0 0 0
0 0 0 0 0 0 0 0 0 1 0 1 0 0 0 0 0 0 0 0 0 0 0
0 0 0 0 0 0 0 0 0 0 1 0 1 0 0 0 0 0 1 0 0 0 0
0 0 0 0 0 0 0 0 0 0 0 1 0 0 0 0 1 0 0 0 0 0 0
0 0 0 0 0 0 0 0 0 0 0 0 0 0 0 1 1 0 0 0 0 0 0
0 0 0 0 0 0 0 0 0 0 0 0 0 0 0 1 1 0 0 0 0 0 0
0 0 0 0 0 0 0 0 0 0 0 0 0 1 1 0 0 0 0 1 0 0 0
0 0 0 0 0 0 0 0 0 0 0 0 1 1 1 0 0 0 0 0 0 0 0
0 0 0 0 0 0 0 0 0 0 0 0 0 0 0 0 0 0 1 0 1 0 0
0 0 0 0 0 0 0 0 0 0 0 1 0 0 0 0 0 1 0 0 0 0 0
0 0 0 0 0 0 0 0 0 0 0 0 0 0 0 1 0 0 0 0 1 0 0
0 0 0 0 0 0 0 0 0 0 0 0 0 0 0 0 0 1 0 1 0 1 0
0 0 0 0 0 0 0 0 0 0 0 0 0 0 0 0 0 0 0 0 1 0 1
0 1 0 0 0 0 0 0 0 0 0 0 0 0 0 0 0 0 0 0 0 1 0
