9
-6.930397349712235 107.57606278412402 Pasir Koja - Soekarno Hatta
-6.945605940280078 107.58975654636329 Soekarno Hatta - Kopo
-6.94730995342355 107.59516536781202 Soekarno Hatta - Leuwi Panjang
-6.936915377247668 107.59503658634895 Peta - Kopo
-6.937810001438914 107.59696830829492 Peta - Leuwi Panjang
-6.937085781986556 107.60306396421336 Peta - Otista
-6.926861388562902 107.59988735479108 Pasir Koja - Astana Anyar
-6.926690980126949 107.59829905007993 Pasir Koja - Kopo
-6.926776184352622 107.58550675808218 Peta - Pasir Koja - Jamika
0 1 0 0 0 0 0 0 1
1 0 1 1 0 0 0 0 0
0 1 0 0 1 0 0 0 0
0 1 0 0 1 0 0 1 1
0 0 1 1 0 1 0 0 0
0 0 0 0 1 0 1 0 0
0 0 0 0 0 1 0 1 0
0 0 0 1 0 0 1 0 1
1 0 0 1 0 0 0 1 0
