14
-6.927562192722218 107.61959799634626 Batagor Riri
-6.927025406721871 107.61690969806743 Karapitan - Emung
-6.927472728417712 107.61945313196297 Burangrang - Emung
-6.927312970717906 107.61796141334914 Emong - Emur
-6.927504679951173 107.61675945302719 Karapitan - Emur
-6.928793389996319 107.61639457221517 Karapitan - Cikawao
-6.92914485576096 107.61707067489624 Cikawao - Sadakeling
-6.928537778366568 107.61768238684581 Sadakeling - Emur
-6.927824195166772 107.61782190009745 Emur - Wiradisastra
-6.928217198601289 107.61855260357831 Wiradisastra - Sadakeling
-6.928046790655269 107.61943701951742 Sadakeling - Talaga Bodas - Burangrang
-6.927077594291167 107.61945311720032 Burangrang - Haruman
-6.927871057396435 107.62254923820818 Haruman - Malabar
-6.928414232712092 107.62231850475352 Malabar - Talaga Bodas
0 0 1 0 0 0 0 0 0 0 0 0 0 0
0 0 0 1 1 0 0 0 0 0 0 0 0 0
1 0 0 1 0 0 0 0 0 0 1 1 0 0
0 1 1 0 0 0 0 0 1 0 0 0 0 0
0 1 0 0 1 1 0 0 1 0 0 0 0 0
0 0 0 0 1 0 1 0 0 0 0 0 0 0
0 0 0 0 0 1 0 1 0 0 0 0 0 0
0 0 0 0 0 0 1 0 1 1 0 0 0 0
0 0 0 1 1 0 0 1 0 1 0 0 0 0
0 0 0 0 0 0 0 1 1 0 1 0 0 0
0 0 1 0 0 0 0 0 0 1 0 0 0 1
0 0 1 0 0 0 0 0 0 0 0 0 1 0
0 0 0 0 0 0 0 0 0 0 0 1 0 1
0 0 0 0 0 0 0 0 0 0 1 0 1 0
