15
-6.918059712404122 107.58112734391457 unnamed-6.91806-107.58113
-6.915852877274523 107.60447807723006 Otista - Kebonjati
-6.920871495159069 107.60409306443151 Otista - Sudirman
-6.916278908031751 107.59821071269421 Kebonjati - Gardujati
-6.920168551040314 107.59831936217074 Astana Anyar - Sudirman
-6.916496183586223 107.59334422154039 Kebonjati - Kelenteng
-6.9194656058748265 107.59291084778505 Sudirman - Kelenteng
-6.918847865319935 107.58647177463179 Sudirman - Jamika
-6.920581797136106 107.58086309711737 Sudirman - Suryani
-6.921859875454444 107.58386799792223 Suryani - Pagarsih
-6.922000463825667 107.58602103951105 Jamika - Pagarsih
-6.917505874433037 107.57677023774755 Sudirman - Garuda
-6.917228955203935 107.5743233899493 Bundaran Sudirman
-6.913136922165595 107.57573475481631 Elang - Rajawali Timur
-6.913671593745594 107.5775858536803 Rajawali Timur - Garuda
0 0 0 0 0 0 0 1 1 0 0 1 0 0 0
0 0 1 1 0 0 0 0 0 0 0 0 0 0 0
0 1 0 0 1 0 0 0 0 0 0 0 0 0 0
0 1 0 0 1 1 0 0 0 0 0 0 0 0 0
0 0 1 1 0 0 1 0 0 0 0 0 0 0 0
0 0 0 1 0 0 1 0 0 0 0 0 0 0 1
0 0 0 0 1 1 0 1 0 0 0 0 0 0 0
1 0 0 0 0 0 1 0 0 0 1 0 0 0 0
1 0 0 0 0 0 0 0 0 1 0 0 0 0 0
0 0 0 0 0 0 0 0 1 0 1 0 0 0 0
0 0 0 0 0 0 0 1 0 1 0 0 0 0 0
1 0 0 0 0 0 0 0 0 0 0 0 1 0 1
0 0 0 0 0 0 0 0 0 0 0 1 0 1 0
0 0 0 0 0 0 0 0 0 0 0 0 1 0 1
0 0 0 0 0 1 0 0 0 0 0 1 0 1 0
