12
-6.916289558795759 107.59823109564569 Kebon Jati - Gardujati
-6.915799623402846 107.60449846018152 Kebon Jati - Otista
-6.920773509104472 107.60406918863798 Sudirman - Asia Afrika - Otista
-6.921231487380398 107.60771799675814 Asia Afrika -  Alun-alun
-6.9225308651860935 107.60765360602662 Alun-alun - Dalem Kaum
-6.92241370831757 107.6063559748914 Dalem Kaum - Dewi Sartika
-6.9220622375374745 107.60401552969505 Dalem Kaum - Otista - Cibadak
-6.9241710582913045 107.6062057298512 Dewi Sartika - Simpang
-6.9238089382260455 107.60386619993885 Simpang - Otista - Kalipah Apo
-6.9232540419560005 107.59866591318783 Kalipah Apo- Astana Anyar
-6.921423199084892 107.59846719499465 Cibadak - Astana Anyar
-6.9201238182298335 107.59829548637724 Sudirman - Astana Anyar
0 1 0 0 0 0 0 0 0 0 0 1
1 0 1 0 0 0 0 0 0 0 0 0
0 1 0 1 0 0 1 0 0 0 0 1
0 0 1 0 1 0 0 0 0 0 0 0
0 0 0 1 0 1 0 0 0 0 0 0
0 0 0 0 1 0 1 1 0 0 0 0
0 0 1 0 0 1 0 0 1 0 1 0
0 0 0 0 0 1 0 0 1 0 0 0
0 0 0 0 0 0 1 1 0 1 0 0
0 0 0 0 0 0 0 0 1 0 1 0
0 0 0 0 0 0 1 0 0 1 0 1
1 0 1 0 0 0 0 0 0 0 1 0
